   1   5   1   0  0.2199349E+02  0.1000000E-03
  CAR 
 clean (100) Ni surface                  
   0   0   0
   1   1
 256 256 256
 256
  0.1000000E-09
  0.6250000E-11
   0
  0.5000000E-15  0.2496087E-09  0.2496087E-09  0.1765000E-08
  0.0000000E+00  0.0000000E+00
  0.000
  0.000
  0.000
  0.000
  0.000
  0.000
  0.000
  0.000
  0.000
  0.000
  0.000
  0.000
  0.000
  0.000
  0.000
  0.000
  0.000
  0.000
  0.000
  0.000
  0.000
  0.000
  0.000
  0.000
  0.000
  0.000
  0.000
  0.000
  0.000
  0.000
  0.000
  0.000
  0.000
  0.000
  0.000
  0.000
  0.000
  0.000
  0.000
 22.053
  6.992
  0.000
  0.000
  0.000
  0.000
  0.000
  0.000
  0.000
  0.000
  0.000
  0.000
  0.000
  0.000
  0.000
  0.000
  0.931
  1.796
  0.000
  0.000
  0.000
  0.000
  0.000
  0.000
  0.000
  0.000
  0.000
  0.000
  0.000
  7.333
 18.997
  0.000
  0.000
  0.000
  0.000
  0.000
  0.000
  0.000
  0.000
  0.000
  5.444
  0.000
  0.000
  0.000
  0.000
  0.000
  0.000
  0.000
  0.000
  2.929
  5.728
  0.000
  0.000
  0.000
  0.000
  0.000
  0.000
  0.000
  3.620
  0.000
  0.000
  0.000
  0.000
  0.000
  0.000
  2.101
 16.488
  0.000
  0.000
  0.000
  0.000
  0.000
  0.231
  0.000
  0.000
  0.000
  0.000
  0.000
  0.000
  1.634
  7.229
  0.000
  0.000
  0.000
  0.000
  0.000
  1.456
  1.434
  0.000
  0.000
  0.000
  0.000
  1.990
  2.613
  0.000
  0.000
  0.000
  0.000
  1.820
  2.392
  0.000
  0.000
  0.000
  0.000
  7.241
  2.747
  0.000
  0.000
  0.000
  0.000
  0.000
  0.000
  0.000
  0.000
  0.000
  6.727
  0.000
  0.000
  0.000
  0.457
  0.000
  0.000
  0.000
  0.000
  0.429
  2.543
  0.000
  0.000
  0.000
  0.808
  1.198
  0.099
  0.000
  0.000
  2.286
  4.520
  0.372
  0.000
  0.000
  1.080
  0.356
  0.000
  0.000
  1.378
  2.044
  0.000
  0.000
  0.660
  1.305
  0.323
  0.000
  0.000
  3.753
  0.619
  0.000
  0.303
  0.000
  0.000
  0.000
  0.000
  3.170
  0.285
  0.000
  0.000
  0.277
  0.274
  0.000
  0.000
  6.127
  0.792
  0.000
  0.518
  1.538
  0.508
  0.000
  0.499
  0.247
  0.245
  0.000
  0.000
  0.000
  0.000
  0.468
  4.170
  0.918
  0.000
  0.113
  0.000
  0.055
  0.659
  4.355
  0.648
  0.000
  1.485
  0.421
  0.000
  0.414
  0.410
  0.407
  0.000
  1.600
  0.397
  0.000
  4.876
  0.580
  0.384
  0.190
  0.755
  0.000
  0.000
  1.474
  0.366
  0.000
  0.540
  0.178
  0.000
  2.284
